247
238
467
51
311
101
486
580
246
606
75
604
525
607
522
234
131
506
592
201
206
31
212
445
176
240
566
160
43
154
45
271
405
92
59
50
91
368
471
570
208
168
379
420
85
69
54
444
551
86
55
289
597
409
464
495
13
393
214
443
78
569
62
381
288
595
568
348
220
316
159
538
529
359
216
103
589
175
8
95
171
66
301
135
468
382
19
450
11
314
161
576
611
53
303
127
145
192
260
251
146
400
357
537
422
144
195
447
173
480
416
224
115
370
191
63
179
253
591
508
424
584
172
419
543
106
491
613
463
276
334
20
79
149
395
435
366
578
389
332
338
456
399
484
153
383
265
472
481
503
523
119
275
436
608
599
478
293
263
516
573
530
67
319
552
458
261
18
167
294
111
49
292
299
483
343
27
531
339
325
574
557
459
2
134
22
346
320
264
394
504
120
200
308
29
539
281
519
587
274
406
321
353
426
6
257
585
345
164
380
128
384
404
318
550
470
614
317
577
397
514
453
237
398
30
28
229
390
197
0
375
130
17
140
418
211
446
437
548
333
123
81
48
559
594
165
414
267
565
184
541
39
441
313
269
163
362
460
107
35
213
136
535
100
415
90
410
392
71
255
185
477
46
10
425
84
193
563
442
98
488
259
545
615
439
270
77
305
492
297
600
217
199
490
74
475
141
295
1
38
372
133
367
226
239
540
142
498
262
457
109
266
56
219
479
564
391
129
315
254
227
33
476
376
88
137
204
110
402
561
354
421
218
93
449
242
244
364
330
112
474
210
36
335
423
76
349
32
157
190
68
322
104
181
47
454
158
228
230
363
374
385
170
610
521
15
536
304
377
245
174
302
150
70
572
209
358
352
586
24
282
408
501
612
549
166
7
9
411
430
82
118
513
57
233
473
309
554
369
518
558
609
44
582
556
312
567
117
542
58
526
493
403
114
14
16
482
196
331
432
428
347
560
162
285
169
243
427
37
351
296
365
122
207
138
61
298
509
396
65
340
121
249
440
12
222
412
417
186
505
73
178
581
326
188
407
283
323
40
532
575
97
72
448
231
279
187
571
241
336
324
232
431
287
286
601
221
487
344
507
434
284
60
527
500
105
235
528
252
215
547
350
544
113
